8284
8476
8429
46
9081
9036
8602
8536
8501
8719
8865
8849
9370
9356
9354
9507
9767
9638
9861
9912
9964
10174
10141
10338
10315
10264
10466
10661
10752
10702
10846
10836
11085
11066
11368
11628
12366
12464
12871
13198
13188
14885
13177
13171
13407
13355
13341
13309
13487
13649
13805
14866
13970
14851
14318
14828
14760
14735
14942
15199
15336
15704
15757
15832
15897
15946
16011
16264
16342
16343
16884
16934
16955
16994
16995
17336
17629
17687
17736
17870
18323
18330
18411
18441
18496
18617
18668
18783
18907
18965
19617
19664
19768
19852
19980
20200
20202
20472
20505
20515
20631
20668
20780
20903
21080
21285
21461
21712
22938
22940
22944
23026
23051
23395
23628
23656
23702
24108
24610
24658
24714
24733
25525
26495
27001
27457
27509
27516
27858
27885
28131
28551
28961
29066
29096
29853
30174
30385
30484
30648
30909
30960
32364
32487
32999
33052
33136
33142
33476
33513
33594
33765
33795
33948
34113
34116
34393
34395
34824
35055
35480
35680
35684
2990
36486
36508
36906
37984
38031
38395
38669
38697
39573
39679
39870
40350
40371
40404
40432
40531
40535
40542
40563
40609
40627
40638
40646
40680
40689
40712
40741
40798
40840
40875
40900
40901
40905
40935
40943
40956
40975
40983
41020
41021
41041
41105
41139
41168
41195
41200
41266
41268
41306
41352
41359
41398
41412
41441
41451
41456
41584
41622
41749
41751
41811
41830
41851
41898
41906
41933
41951
41955
41957
41988
42027
42034
42100
42120
42148
42152
42254
42277
42305
42351
42397
42432
42435
42441
42454
42466
42471
42501
42562
42599
42681
42703
42729
42733
42832
42878
42908
42922
42935
42984
42989
43003
43011
43028
43039
43048
43054
43058
43089
43098
43128
43157
43160
43180
43186
43200
43215
43243
43265
43266
43278
43288
43303
43318
43327
43330
43336
43359
43363
43377
43403
43406
43446
43454
43467
43512
43521
43538
43577
43583
43591
43649
43658
43672
43703
43731
43741
43743
43756
43758
43765
43769
43776
43865
43937
43940
44023
44052
44075
44087
44100
44158
44196
44218
44329
44344
44413
44456
44474
44488
44489
44792
45033
45038
45069
45123
45151
45153
45180
45191
45193
45204
45255
45266
45398
45426
45427
45470
45523
45533
45625
45681
45694
45704
45730
45753
45818
45886
45904
45935
45984
46060
46102
46108
46111
46118
46119
46147
46208
46217
46218
46219
46302
46361
46380
46397
46431
46516
46539
46588
46679
46738
46739
46772
46788
46795
46818
46819
46820
46833
46840
46848
46854
46890
46932
46940
46955
46991
47002
47046
47059
47063
47112
47161
47199
47228
47229
47237
47255
47301
47351
47352
47363
47414
47423
47516
47554
47560
47610
47624
47625
47663
47783
47795
47812
47874
47875
47950
47954
47964
47990
47992
48017
48056
48059
48087
48140
48145
48197
48231
48258
48259
48260
48301
48307
48326
48337
48350
48368
48374
48387
48445
48519
48531
48559
48599
48609
48612
48633
48654
48691
48708
48710
48809
48859
48889
48920
48924
48935
48940
48970
48973
48978
48999
49028
49038
49040
49044
49047
49077
49092
49103
49147
49260
49274
49415
49441
49453
49455
49515
49544
49627
49629
49653
49663
49683
49805
49844
49884
49888
49943
49951
49956
50021
50026
50059
50067
50096
50117
50120
50282
50385
50441
50459
50474
50538
50613
50627
50636
50692
50724
50730
50781
50813
50831
50902
50977
50986
51056
51197
51219
51294
51296
51402
51472
51495
51511
51526
51530
51632
51673
51675
51682
51776
51791
51862
51883
51897
51920
51960
51984
52056
52095
52146
52159
52169
52222
52268
52344
52354
52367
52390
52394
52503
52509
52569
52689
52747
52753
52809
52814
52904
53021
53064
53156
53157
53212
53236
53281
53307
53311
53408
53532
53657
53690
53730
53758
53772
53773
53798
53879
53990
54004
54012
54031
54074
54106
54118
54142
54235
54299
54320
54351
54358
54359
54372
54406
54418
54422
54534
54593
54608
54657
54693
54698
54710
54749
54789
54809
54813
54820
54842
54863
54885
54891
54897
54905
54909
54916
54965
54966
54981
54989
55001
55003
55005
55019
55097
55154
55171
55218
55259
55289
55315
55349
55355
55463
55468
55526
55568
55600
55626
55647
55683
55691
55721
55727
55763
55816
55835
55858
55863
55894
55903
55979
55985
56036
56055
56061
56107
56125
56195
56216
56223
56238
56263
56316
56350
56361
56370
56422
56442
56511
56526
56651
56666
56755
56797
56816
56824
56830
56833
56850
56903
56908
56943
56994
56997
57018
57042
57135
57146
57169
57280
57288
57332
57335
57339
57382
57426
57526
57527
57550
57565
57572
57592
57603
57629
57679
57684
57688
57701
57750
57849
57860
57864
57920
57939
58000
58009
58046
58048
58062
58096
58125
58134
58145
58207
58213
58215
58221
58228
58239
58246
58317
58324
58328
58336
58377
58384
58538
58551
58552
58571
58595
58621
58645
58654
58680
58738
58827
58835
58861
58876
58889
58890
58909
59022
59032
59141
59164
59208
59291
59402
59421
59424
59522
59539
59624
59632
59667
59678
59699
59701
59745
59756
59840
59879
59887
59937
59973
59974
59991
60001
60053
60056
60155
60198
60200
60209
60238
60249
60268
60340
60399
60402
60544
60615
60661
60720
60737
60797
60831
60832
60854
60894
60910
60924
60935
60960
60972
60983
61002
61004
61055
61071
61076
61111
61169
61182
61183
61205
61238
61251
61257
61275
61360
61399
61414
61443
61449
61525
61543
61573
61580
61616
61645
61651
61661
61678
61772
61829
61881
61923
61931
61974
61987
62004
62034
62120
62156
62172
62182
62225
62241
62299
62311
62324
62422
62445
62449
62485
62524
62565
62571
62599
62612
62699
62705
62712
62763
62791
62831
62845
62848
62886
62890
62982
63034
63036
63110
63161
63214
63239
63247
63320
63335
63345
63350
63359
63364
63399
63434
63440
63458
63459
63474
63495
63565
63602
63634
63713
63764
63773
63786
63795
63800
63828
63841
63851
63910
63922
63923
63952
63978
63987
64021
64022
64086
64133
64144
64156
64188
64192
64204
64251
64295
64314
64325
64336
64352
64433
64472
64473
64495
64500
64506
64515
64516
64574
64624
64634
64639
64640
64651
64666
64677
64708
64727
64793
64832
64855
64906
64920
64941
64945
64958
64998
65026
65042
65044
65061
65074
65078
65108
65144
65166
65193
65194
65202
65313
65336
65360
65380
65386
65398
65429
65500
65502
65552
65586
65591
65612
65630
65645
65654
65709
65766
65770
65839
65842
65853
65857
65907
65914
65962
65968
65969
65970
65994
66016
66072
66095
66147
66151
66209
66252
66257
66266
66292
66299
66352
66428
66430
66485
66506
66528
66542
66567
66578
66586
66606
66622
66627
66647
66650
66662
66678
66685
66740
66741
66743
66745
66832
66895
66897
67003
67004
67015
67018
67031
67032
67033
67042
67043
67096
67146
67180
67228
67237
67242
67243
67260
67288
67315
67320
67343
67352
67392
67397
67435
67528
67563
67575
67625
67658
67662
67664
67686
67691
67706
67714
67720
67729
67761
67768
67781
67806
67831
67905
67918
67931
67934
67951
67964
67976
68058
68091
68096
68100
68235
68240
68262
68339
68374
68395
68442
68453
68500
68517
68555
68568
68603
68626
68630
68631
68643
68686
68712
68755
68789
68793
68830
68833
68850
68857
68860
68888
68899
68904
68907
68944
68945
68982
69089
69198
69199
69224
69271
69292
69296
69304
69306
69352
69366
69368
69375
69405
69406
69428
69444
69458
69524
69527
69545
69600
69611
69657
69664
69722
69772
69773
69776
69796
69812
69814
69818
69875
69902
69907
69909
69914
69942
69965
69969
70032
70039
70086
70138
70148
70149
70176
70223
70224
70228
70235
70242
70243
70277
70301
70320
70336
70353
70357
70361
70396
70411
70433
70439
70456
70471
70504
70541
70544
70553
70591
70606
70630
70651
70721
70768
70790
70893
70912
70958
70959
70982
71027
71040
71078
71079
71084
71095
71102
71105
71118
71142
71172
71184
71237
71242
71295
71323
71340
71355
71365
71392
71424
71426
71448
71461
71504
71560
71595
71608
71620
71621
71644
71664
71691
71693
71694
71728
71737
71745
71768
71780
71782
71793
71840
71841
71866
71868
71894
71912
71913
71929
71957
71973
71979
72025
72092
72161
72166
72201
72209
72279
72286
72333
72351
72363
72373
72400
72416
72437
72462
72468
72518
72519
72545
72577
72581
72601
72676
72681
72685
72694
72704
72729
72741
72775
72777
72797
72801
72805
72825
72833
72861
72863
72891
72923
72949
73015
73029
73037
73051
73058
73076
73122
73137
73145
73146
73147
73155
73167
73215
73221
73259
73282
73284
73298
73349
73387
73403
73432
73445
73478
73485
73502
73539
73542
73584
73636
73655
73679
73701
73706
73718
73729
73739
73797
73809
73828
73878
73896
73917
73937
73941
74001
74028
74063
74097
74104
74135
74138
74142
74189
74206
74228
74239
74294
74315
74317
74372
74397
74416
74478
74480
74486
74490
74521
74577
74638
74643
74708
74767
74769
74789
74795
74806
74835
74838
74853
74855
74867
74891
74898
74906
74928
74933
74942
74951
74953
75000
75014
75020
75032
75114
75191
75258
75299
75327
75330
75337
75381
75385
75389
75453
75462
75481
75526
75538
75565
75574
75582
75595
75614
75617
75619
75622
75725
75769
75777
75790
75803
75810
75829
75857
75867
75899
75904
75920
75921
75932
75974
75989
76003
76009
76026
76059
76072
76092
76114
76135
76137
76155
76184
76208
76209
76236
76267
76321
76329
76348
76349
76353
76414
76443
76448
76456
76457
76462
76480
76511
76519
76532
76562
76584
76587
76588
76614
76672
76681
76753
76775
76783
76789
76822
76842
76849
76855
76874
76904
76910
76937
76942
76952
76980
77015
77050
77092
77165
77167
77171
77207
77210
77246
77247
77328
77343
77370
77374
77376
77387
77414
77417
77449
77511
77521
77536
77571
77576
77606
77608
77615
77628
77678
77683
77707
77716
77742
77870
77875
77887
77889
77912
77940
77955
77974
77999
78000
78031
78036
78047
78067
78072
78113
78132
78138
78166
78174
78184
78200
78204
78241
78256
78257
78265
78271
78315
78328
78332
78338
78362
78370
78372
78377
78386
78396
78417
78423
78425
78497
78508
78513
78523
78524
78577
78579
78580
78590
78602
78604
78613
78615
78662
78752
78774
78779
78789
78814
78815
78822
78860
78909
78915
78917
78931
78939
78965
78973
78999
79012
79037
79050
79057
79060
79094
79107
79112
79153
79159
79170
79249
79253
79262
79267
79300
79313
79335
79341
79374
79418
79433
79438
79509
79513
79547
79565
79595
79601
79634
79656
79662
79675
79686
79726
79732
79763
79815
79825
79873
79893
79894
79910
79929
79957
79985
80050
80054
80065
80069
80075
80079
80115
80124
80127
80128
80143
80178
80183
80185
80188
80217
80222
80259
80266
80267
80283
80285
80298
80305
80310
80317
80336
80351
80375
80376
80378
80392
80406
80422
80423
80456
80477
80490
80532
80559
80587
80602
80610
80615
80634
80642
80659
80662
80691
80697
80699
80702
80703
80714
80718
80724
80725
80768
80795
80818
80843
80852
80860
80882
80902
80922
80925
80935
80940
80949
80970
80972
80977
80985
80994
80999
81023
81029
81034
81052
81066
81073
81111
81145
81160
81177
81204
81206
81208
81214
81216
81217
81237
81242
81268
81297
81304
81327
81334
81343
81365
81374
81433
81445
81446
81447
81458
81492
81508
81514
81523
81558
81559
81564
81567
81595
81628
81657
81660
81682
81693
81695
81716
81722
81743
81766
81767
81770
81792
81800
81802
81814
81828
81830
81833
81834
81867
81879
81902
81924
81961
81989
82036
82064
82147
82154
82157
82173
82186
82228
82230
82251
82266
82271
82273
82328
82338
82397
82411
82416
82426
82431
82444
82449
82460
82461
82514
82528
82529
82544
82566
82567
82648
82665
82679
82704
82792
82834
82835
82843
82848
82855
82870
82891
82916
82943
82951
82952
82975
82984
82993
82994
83025
83030
83032
83051
83065
83078
83086
83139
83140
83172
83209
83279
83376
83388
83424
83451
83452
83464
83507
83513
83515
83530
83549
83553
83600
83601
83644
83664
83697
83702
83703
83711
83727
83774
83807
83839
83877
83880
83895
83907
83917
83944
83951
83961
83972
83973
83989
84053
84073
84074
84147
84158
84162
84168
84186
84190
84194
84206
84209
84276
84302
84321
84346
84358
84359
84408
84424
84433
84490
84523
84524
84534
84545
84566
84606
84649
84654
84711
84712
84716
84764
84778
84785
84827
84848
84888
84909
84920
84923
84987
85020
85024
85027
85083
85084
85090
85097
85104
85141
85176
85188
85217
85264
85281
85287
85329
85361
85364
85377
85409
85423
85428
85452
85464
85469
85480
85509
85511
85518
85526
85529
85545
85557
85575
85597
85620
85665
85695
85698
85709
85714
85754
85780
85796
85802
85806
85812
85821
85840
85896
85991
85998
86013
86017
86053
86065
86083
86113
86143
86146
86147
86181
86196
86232
86258
86268
86271
86287
86368
86400
86401
86416
86443
86459
86476
86499
86503
86512
86530
86545
86555
86558
86564
86587
86599
86634
86642
86648
86650
86682
86687
86723
86730
86746
86769
86779
86796
86801
86821
86859
86878
86882
86919
86920
86973
86995
87041
87057
87064
87066
87102
87136
87168
87187
87212
87231
87250
87269
87302
87318
87381
87383
87397
87424
87427
87428
87431
87434
87440
87455
87489
87519
87529
87533
87545
87568
87581
87589
87608
87632
87642
87656
87693
87699
