8982
8889
9149
10791
12157
12861
13058
13695
14510
14716
15149
15691
23846
24516
27322
27738
27955
27959
28935
30835
32865
37770
41125
41182
41196
42042
42098
42130
42520
42900
42968
43045
43606
44315
44431
44432
44911
45016
45299
45450
45727
46579
46898
48723
48877
48996
49205
50398
51633
51785
51989
52373
52516
52532
53195
53604
56790
57566
58681
59168
59709
59872
60349
60466
60613
61559
62741
63208
63686
64240
64591
64950
65076
65731
66255
66393
66978
67988
68004
68094
68095
68693
68959
69328
71012
71477
71520
71819
72496
73303
73358
73378
73918
74057
74425
74544
74866
75655
75807
76157
76301
76564
76688
77139
77221
77256
77609
78422
79860
79874
80064
80123
80135
80402
80871
81047
81462
81596
81633
81663
81791
82175
82578
82816
83524
83569
83683
83707
83708
83719
83761
83896
83906
83929
83930
84197
84204
84242
84250
84492
84612
84647
84659
84667
85036
85046
85142
85253
85558
85561
85668
85799
85815
85862
85920
86041
86102
86126
86134
86183
86281
86623
86929
87071
87238
87443
49205
50398
51633
51785
51989
52373
52516
52532
53195
53604
56790
57566
58681
59168
59709
59872
60349
60466
60613
61559
62741
63208
63686
64240
64591
64950
65076
65731
66255
66393
66978
67988
68004
68094
68095
68693
68959
69328
71012
71477
71520
71819
72496
73303
73358
73378
73918
74057
74425
74544
74866
75655
75807
76157
76301
76564
76688
77139
77221
77256
77609
78422
79860
79874
80064
80123
80135
80402
80871
81047
81462
81596
81633
81663
81791
82175
82578
82816
83524
83569
83683
83707
83708
83719
83761
83896
83906
83929
83930
84197
84204
84242
84250
84492
84612
84647
84659
84667
85036
85046
85142
85253
85558
85561
85668
85799
85815
85862
85920
86041
86102
86126
86134
86183
86281
86623
86929
87071
87238
87443
48996
48877
48723
46898
46579
45727
45450
45299
45016
44911
44432
44431
44315
43606
43045
42968
42900
42520
42130
42098
42042
41196
41182
41125
37770
32865
30835
28935
27959
27955
27738
27322
24516
23846
15691
15149
14716
14510
13695
13058
12861
12157
10791
9149
8889
8982
