8531
2950
2133
9009
8113
8985
8982
9106
9070
9029
8455
8452
8435
8545
8532
8506
8502
8496
8495
8613
8610
8605
8736
8650
8644
8632
8336
6780
6482
8828
6460
8821
5746
8770
4721
8787
8777
8958
8949
8933
8928
8926
8913
8856
8115
8110
8089
8083
8074
8072
8043
8037
8024
9182
8415
8118
8176
8255
8246
8175
8373
8353
8351
8347
8323
8316
9149
9125
9306
9289
9285
9272
9266
9252
9246
9237
9195
9253
9724
9315
14534
9432
9423
9415
2954
9408
9403
9393
9377
9398
9374
9366
9425
9360
9351
9535
9519
9486
9485
9623
9620
9585
9577
9543
9491
9694
9690
9677
9673
9671
9661
9766
9635
9762
9670
9754
9752
9733
9732
9728
9713
9698
9695
9809
9794
9917
9788
9781
9777
9801
9909
9906
9896
9890
9873
9850
9826
10009
10006
9989
9984
9970
9969
9965
9961
9939
10027
10020
10019
10010
10080
10184
10180
10177
10173
10172
10154
10145
10140
10127
10119
10110
10109
10279
10295
10278
10243
10242
10374
10367
10340
10326
10291
10480
10499
10470
14934
10446
10411
10389
10387
10380
10633
10625
10615
10583
10547
10544
10543
10526
10519
10656
10638
10637
10822
10802
10793
10791
10786
10777
10775
10757
10742
10736
10707
10697
10695
10835
10945
10931
10920
10919
10918
10887
10886
10883
10872
10839
11078
11065
11031
11075
11141
11137
11244
11237
11221
11220
11219
11216
11205
11183
11182
11181
11172
11394
11354
11351
11313
11288
11424
11420
11416
11469
11570
11563
11556
11510
11496
11720
11716
11694
11660
11626
11662
11878
11850
11877
11853
11817
11788
11804
11974
12025
12157
13095
12125
12087
12263
12238
12233
12222
12199
12194
12191
12186
12176
12299
12295
12287
12285
12281
12277
12268
12420
12394
12362
12348
12336
13786
12367
12486
12479
12468
12467
12568
12548
12512
12503
12698
12676
12669
12667
12658
12653
12648
12626
14910
12861
12806
12802
12795
12771
12747
12878
12875
12953
12952
12944
12913
12892
12927
13103
13092
13066
13058
13053
13052
13051
13047
13111
13245
13216
13172
13664
13285
13409
13364
13331
13322
13316
13548
13533
13525
13516
13469
13446
13425
13422
13421
13420
13687
13668
13662
13658
13652
13632
13621
13608
13740
14862
13813
13800
13799
13790
13779
13772
14004
13975
13935
13932
13930
13910
13900
13897
13884
14166
14140
14117
14065
14180
14179
14320
14315
14271
14254
14232
14229
14228
14215
14193
14453
14408
14393
14352
14339
14335
14325
14819
14454
14604
14595
14580
14538
14510
14480
14753
14716
14699
14655
14653
14644
14639
14632
14630
14752
14941
14799
14782
14990
14982
15101
15052
15115
15142
15167
15149
15138
15208
15221
15286
15302
15304
15339
15481
15679
15691
15705
15763
15769
15770
15779
15816
15845
15851
15927
16017
16044
16052
16100
16136
16137
16265
16646
16660
16675
16676
16818
16839
16889
16915
16984
17045
17059
17060
17124
17196
17298
17459
17552
17594
18273
18298
18414
18429
18627
18664
18755
18757
19148
19150
19152
19153
19233
19254
19351
19630
19716
19809
19825
19826
19889
19897
19916
19937
19950
20001
20013
2974
20319
20327
20364
20494
20501
20522
20529
20575
20578
20583
20585
20594
20638
20660
20738
20799
20836
20893
20950
20951
21032
21205
21229
21332
21407
21431
21445
21482
21484
21495
21501
21506
21620
21663
21731
21750
21926
22160
22178
22353
22404
22474
22566
22578
22593
22687
22829
22842
22847
22921
22922
22978
22979
22985
22986
23046
23048
23195
23283
23296
23444
23554
23659
23823
24019
24113
24125
24132
24325
24373
24565
24666
24855
24943
25002
25147
25161
25170
25171
25257
25408
26546
26668
26949
26964
27097
27099
27323
27441
27507
27661
27730
27748
27850
27955
27967
28018
28089
28589
28628
28633
28680
28921
28935
28948
28956
29137
29150
29225
29228
29509
29569
29588
29612
29705
29816
29848
29874
29899
30136
30144
30349
30360
30372
30388
30475
30477
30675
30729
30774
30835
30874
30958
30961
31096
31126
31147
31154
31228
31241
31297
31351
31518
31613
31638
31934
32346
32348
32351
32432
32434
32446
32477
32486
32705
32772
32819
32845
32870
32928
32956
33012
33030
33104
33198
33230
33237
33541
33592
33731
33769
33778
33817
33995
33996
34101
34107
34275
34282
34293
34378
34397
34427
34567
34593
34597
34598
34618
34676
34778
34912
34927
35011
35224
35275
35311
35321
35440
35632
35674
35677
35814
35911
35945
36073
36102
36118
36148
36171
36277
36296
36333
36401
36404
36409
36444
36456
36476
36533
36555
36574
36897
36909
36929
36934
36993
37028
37246
37265
37272
37305
37334
37342
37626
37721
37737
37740
37770
37773
37985
38078
38136
38343
38350
38374
38425
38440
38463
38464
38527
38548
38760
38814
38854
38888
39160
39200
39228
39263
39279
39301
39331
39362
39373
39456
39457
39465
39466
39471
39549
39552
39842
39852
39873
39894
40025
40029
40068
40069
40081
40092
40142
40177
40250
40259
40401
40519
40562
40579
40587
40642
40659
40660
40702
40802
40806
40818
40826
40927
41036
41182
41267
41299
41318
41329
41342
41345
41415
41449
41478
41501
41516
41521
41600
41706
41720
41786
41806
41821
41876
41897
42010
42042
42073
42075
42180
42285
42451
42458
42520
42600
42601
42654
42680
42686
42687
42738
42892
42900
42959
43045
43096
43106
43118
43153
43154
43217
43322
43361
43436
43444
43554
43599
43606
43642
43653
43774
43779
43796
43815
43840
43843
43864
43904
43961
43989
43997
44069
44073
44222
44223
44295
44351
44459
44461
44473
44527
44584
44605
44674
44698
44709
44721
44722
44736
44788
44804
44853
44911
44920
44926
44927
44975
45105
45257
45281
45285
45390
45439
45450
45454
45503
45508
45754
45757
45774
45799
45848
45889
45937
45969
45979
46035
46048
46158
46177
46181
46205
46246
46258
46289
46305
46339
46344
46377
46385
46401
46408
46512
46518
46538
46579
46691
46713
46856
46868
46957
46995
47044
47067
47097
47114
47133
47170
47171
47176
47184
47452
47495
47545
47550
47634
325
47653
47655
47930
47997
48032
48105
48113
48119
48153
48155
48211
48218
48275
48512
48557
48632
48679
48719
48723
48727
48740
48748
48776
48794
48830
48894
48925
48932
48949
48996
49018
49043
49060
49067
49070
49088
49183
49205
49237
49253
49269
266
49351
49353
49437
49454
49475
49505
49523
49546
49561
49580
49613
49656
49710
49737
49769
49776
49822
49856
49886
49945
49959
49970
50034
50052
50057
50162
50292
50315
50398
50407
50487
50525
50568
50678
50701
50705
50816
50848
50852
50878
50882
50887
50898
50912
50947
50975
50998
51019
51055
51129
51203
51301
51577
51581
51633
51661
51662
51719
51753
51756
51777
51914
51952
52016
52049
52094
52098
52131
52233
52237
52244
52373
52414
52418
52516
52532
52538
52543
52548
52556
52567
52720
52738
52794
52881
52909
52921
52927
52958
52966
53009
53044
53122
53154
53195
53245
53256
53279
53283
53301
53417
53437
53469
53475
53477
53503
53526
53557
53597
53682
53712
53727
53739
53742
53751
53915
53919
54019
54039
54069
54103
54192
54194
54311
54348
54438
54449
54609
54721
54872
54892
54979
54998
55014
55096
55102
55143
55262
55316
55469
55480
55621
55698
55756
55852
55960
55992
56026
56170
56298
56332
56394
56396
56519
56524
56543
56569
56718
56731
56848
56868
56870
56881
56910
56926
56995
57165
57167
57205
57236
57324
57462
57475
57518
57594
57611
57642
57690
57726
57769
57778
57916
57925
57963
57978
57997
57998
58077
58099
58136
58202
58276
58354
58386
58489
58685
58721
59023
59033
59171
59315
59324
59416
59449
59462
59509
59551
59709
59721
59782
59799
59845
59868
60015
60106
60126
60185
60225
60245
60366
60375
60463
60472
60505
60562
60605
60613
60686
60776
60861
60971
61010
61131
61236
61351
61356
61478
61613
61621
61709
61897
61911
62033
62040
62041
62075
62083
62085
62174
62207
62285
62302
62329
62386
62412
62435
62508
62517
62528
62600
62624
62640
62707
62777
62821
62822
62891
62898
62979
62988
63000
63009
63113
63147
63208
63282
63289
63336
63343
63398
63410
63414
63481
63486
63514
63593
63652
63665
63683
63740
63749
63900
63903
63928
64013
64016
64060
64118
64149
64220
64297
64365
64394
64457
64459
64499
64552
64591
64621
64781
64879
64882
64955
64962
65004
65015
65033
65063
65076
65077
65084
65378
65400
65503
65514
65542
65677
65683
65873
65925
65963
65966
65980
66099
66211
66393
66501
66561
66675
66702
66849
66887
66925
67167
67187
67212
67240
67453
67502
67557
67588
67599
67723
67942
67968
67988
67996
68066
68078
68219
68307
68434
68452
68516
68561
68607
68680
68720
68736
68741
68763
68841
68844
68872
68910
68964
69011
69083
69167
69315
69383
69396
69399
69409
69455
69559
69702
69904
69941
69996
70136
70140
70157
70211
70254
70266
70384
70453
70490
70710
70916
70946
71012
71035
71198
71256
71396
71477
71520
71521
71562
71843
72123
72233
72244
72470
72478
72503
72619
72698
73193
73194
73280
73303
73358
73427
73437
73448
73476
73481
73531
73588
73667
73686
73780
73832
73866
73924
73968
74049
74157
74338
74365
74377
74401
74404
74425
74467
74479
74484
74553
74559
74607
74707
74753
74763
74819
74918
74962
75079
75113
75117
75178
75186
75275
75317
75425
75484
75541
75550
75655
75740
75792
75807
75869
76021
76027
76028
76095
76157
76180
76186
76190
76297
76301
76310
76326
76455
76487
76564
76639
76686
76688
76723
76762
76784
76837
76845
76867
76890
76943
76963
76972
76976
77059
77090
77124
77129
77194
77219
77221
77256
77385
77392
77413
77422
77433
77444
77454
77467
77516
77589
77607
77611
77644
77700
77756
77766
77782
77800
77906
77995
78065
78071
78076
78077
78381
78391
78410
78422
78512
78567
78594
78610
78702
78806
78893
78918
78942
79006
79081
79125
79193
79195
79210
79235
79330
79336
79380
79414
79420
79538
79585
79626
79650
79716
79722
79736
79753
79781
79811
79874
79906
79947
80029
80068
80339
80353
80402
80408
80501
80549
80575
80597
80669
80711
80734
80736
80763
80794
80825
80858
80871
80938
80939
80982
81007
81020
81024
81047
81121
81136
81180
81194
81252
81275
81329
81378
81403
81633
81663
81689
81779
81958
82005
82175
82210
82215
82304
82392
82417
82436
82470
82505
82547
82565
82578
82588
82714
82730
82736
82769
82841
82853
82868
82966
82972
82974
83097
83102
83162
83253
83405
83490
83524
83539
83556
83562
83563
83569
83576
83581
83588
83597
83599
83605
83608
83683
83707
83708
83717
83739
83740
83761
83767
83867
83868
83879
83906
83913
83924
83929
83930
83959
84012
84020
84035
84036
84054
84082
84138
84141
84178
84204
84242
84250
84261
84269
84299
84377
84411
84468
84492
84522
84537
84612
84623
84647
84659
84660
84662
84667
84742
84744
84750
84810
84811
84820
84908
84917
84968
84975
85003
85009
85038
85046
85065
85081
85110
85199
85225
85226
85312
85353
85379
85403
85406
85440
85455
85459
85462
85478
85487
85492
85539
85558
85561
85596
85599
85657
85683
85692
85706
85711
85717
85740
85741
85785
85799
85820
85862
85890
85904
85907
85920
85933
86029
86041
86060
86123
86138
86142
86221
86278
86281
86292
86294
86295
86297
86312
86331
86336
86337
86349
86353
86397
86406
86419
86497
86515
86547
86552
86556
86577
86578
86623
86666
86699
86710
86742
86849
86864
86926
86929
86935
86955
86981
86988
87028
87056
87071
87113
87121
87126
87197
87200
87205
87208
87238
87240
87270
87278
87293
87320
87333
87354
87364
87382
87411
87446
87563
87573
87575
87667
