8707
7241
9755
11063
12906
13438
13437
13846
14582
14761
15337
15441
18413
20911
21005
22899
25191
27294
29643
29913
30339
30476
30890
31157
32751
39406
39803
39832
40007
40019
40147
40155
40156
40197
40338
40399
40431
40443
40478
40566
40635
40645
41077
41083
41455
41730
41838
42033
42426
43119
43457
43656
43664
43721
43793
43824
43846
44475
45004
45006
45172
45200
45244
47630
48016
48302
48827
48896
49079
49851
50950
51385
51979
52382
52769
52862
53918
53940
54007
54036
54059
54065
54149
54161
54188
54190
54218
54219
54221
54249
54825
56284
56792
56820
57043
59438
60591
60636
62901
63204
63730
63731
63734
63735
64071
64085
64129
67447
67760
68924
69792
70097
70210
70337
70605
70743
71188
71891
72662
72706
72798
74218
74623
75886
76743
77463
77794
77982
79725
80066
80159
80863
80909
81172
81440
82341
83666
84213
84216
85633
85887
86428
86454
86830
86969
87264
