12569
8454
8450
8443
12573
12572
8734
8733
8731
8730
8817
8785
8762
6162
8857
8850
11652
8392
8149
13741
12759
9381
9345
9338
9401
9380
9375
9368
12035
11882
13169
9677
9663
9660
9723
9719
9717
10131
9850
9840
9828
9809
11654
9837
12453
10031
10003
9994
9993
9979
9945
10148
10129
10126
10125
10373
10337
10286
10265
10500
10481
10405
12761
10641
10549
10652
10548
10829
10815
10808
10802
10797
10783
10764
10755
10761
10719
10759
10756
10931
10925
10916
10915
10914
14933
10873
10980
11123
11044
11122
10998
14928
14927
11179
14926
11571
11570
11541
11529
11527
11526
11516
11515
11436
11602
11596
11736
11719
11718
11717
11662
11651
11648
11628
11626
11854
11838
11836
11835
11875
11874
11880
11821
11968
12023
11978
11974
11973
11969
12104
12166
12161
12157
12148
12140
12103
12052
12060
12195
12187
12185
12181
12303
12290
12280
12275
12268
12262
12261
12226
12183
12201
12200
14912
13786
12409
12404
12680
12787
12482
12473
12470
12445
12583
12538
12499
12492
12664
12662
12637
12718
12635
12704
12616
12694
12615
12691
12687
14911
12614
12613
12685
12608
12684
12600
12682
12599
12681
12598
12597
12596
12667
12665
12729
12862
12861
12860
12859
12835
12823
12821
12820
12801
12924
12921
12896
12917
12885
12879
12955
12953
12952
12951
12949
12930
13120
13119
13101
13068
13058
13032
13017
14892
13233
13219
13158
13664
13262
13261
13257
13256
13242
13396
13383
13287
13515
13514
13513
13510
13505
13486
13459
13432
13562
13548
14874
13533
13525
13679
13678
13677
13669
13665
13657
13604
13603
13681
13576
13823
13792
13790
14859
13768
13752
14046
13739
13748
13941
13934
13895
13870
13866
13889
14002
13989
13962
13888
13953
14114
14097
14843
14096
14067
14293
14266
14187
14176
14232
14324
14820
14408
14385
14358
14356
14817
14601
14595
14580
14577
14572
14544
14537
14505
14504
14481
14637
14769
14755
14661
14727
14716
14712
14678
14655
14653
14636
14691
14730
14633
14889
14799
14989
14992
15064
15115
15055
15156
15149
15201
15221
15237
15240
15246
15269
15334
15351
15392
15502
15507
15522
15532
15551
15556
15632
15634
15643
15661
15870
15912
15935
15949
15989
16021
16031
16096
16098
16099
16125
16136
16137
16221
16349
16355
16358
16359
16372
16391
16484
16489
16546
16638
16686
16761
16785
16807
16824
16831
16984
17060
17163
17181
17277
17337
17376
17538
2959
17660
18290
18346
18398
18436
18437
18663
18757
18853
18984
19040
19058
19153
19171
19187
19348
19354
19702
19715
19814
19826
19833
19909
19950
20001
20255
20261
20308
20391
20469
20507
20519
20566
20583
20599
20676
20692
20753
20827
20831
20911
20954
20985
21013
21034
21056
21218
21229
21230
21231
21286
21288
21290
21342
21346
21378
21584
21662
21663
21667
21731
21740
21741
21767
21803
21871
21926
21935
22074
22117
22160
22193
22246
22255
22305
22357
22448
22479
22480
22570
22599
22614
22628
22699
22803
22811
22844
22845
22855
22884
22927
22945
22961
23043
23145
23148
23180
23233
23256
23284
23287
23335
23343
23390
23398
23407
23453
23526
23557
23572
23661
23666
23706
23749
23837
23846
23934
23977
23978
23986
23987
23990
23995
24012
24016
24097
24134
24270
24284
24331
24393
24397
24427
24432
24516
24567
24589
24606
24612
24613
24615
24667
24713
24732
24796
24824
24871
25004
25010
25149
25183
25258
25263
25307
25324
25335
25341
25348
25353
25354
25366
25457
25498
25555
26511
26608
26648
26687
26708
26743
26755
26782
26807
26854
26928
26929
26944
27013
27043
27289
27290
27318
27322
27342
27363
27366
27433
27434
27458
27487
27494
27507
27725
27738
27752
27800
27803
27804
27821
27869
27870
27938
27942
27952
27953
27959
27990
28089
28149
28192
28214
28240
28242
28309
28495
28541
28568
28569
28579
28592
28593
28594
28665
28710
28722
28891
28898
28935
28945
29001
29080
29173
29282
29286
29309
29479
29484
29494
29559
29594
29647
29658
29694
29700
29731
29758
29764
29807
29864
29881
29903
30081
30163
30178
30204
30212
30222
30347
30361
30433
30582
30583
30601
30607
30729
30730
30750
30802
30832
30840
30877
30880
30883
30892
30914
31002
31039
31048
31127
31166
31269
31280
31296
31313
31334
31398
31404
31454
31475
31546
31584
31643
31876
31980
32284
32335
32439
32440
32453
32595
32721
32725
32860
32865
32914
32951
33006
33007
33008
33010
33011
33013
33021
33029
33031
33041
33052
33072
33127
33135
33156
33186
33191
33218
33231
33241
33477
33550
33595
33607
33635
33682
33692
33707
33728
33733
33734
33851
33856
33946
33947
33990
34038
34039
34076
34103
34211
34308
34345
34364
34376
34377
34379
34394
34426
34435
34436
34483
34576
34622
34644
34654
34758
34842
34986
35011
35013
35244
35261
35263
35264
35275
35281
35288
35294
35297
35317
35390
35391
35879
35914
35944
36097
36121
36147
36403
36465
36539
36542
36561
36675
36849
36902
36908
36909
37244
37267
37274
37285
37295
37296
37298
37335
37355
37631
37679
37775
37778
37823
37872
37892
37895
37905
37906
38057
38119
38136
38352
38421
38424
38603
38621
38642
38662
38677
38703
38730
38842
38847
38878
38895
38897
38898
39040
39041
39054
39201
39215
39237
39255
39258
39278
39287
39403
39422
39447
39457
39533
39556
39696
39724
39744
39775
39840
39848
39900
39915
39934
39950
39951
39952
39955
39959
39960
39968
39983
40002
40009
40015
40016
40019
40041
40046
40055
40097
40132
40134
40137
40150
40151
40165
40166
40180
40215
40237
40246
40248
40266
40273
40283
40301
40303
40319
40327
40335
40351
40354
40356
40374
40383
40391
40394
40415
40425
40467
40472
40487
40493
40496
40500
40521
40538
40541
40572
40588
40618
40626
40636
40663
40678
40698
40724
40757
40777
40791
40801
40803
40815
40838
40839
40846
40858
40865
40876
40878
40912
40949
40951
40953
40975
40977
40979
40987
40992
40993
41012
41023
41025
41032
41037
41044
41049
41076
41098
41107
41123
41132
41134
2956
41170
41174
41185
41187
41191
41222
41240
41250
41272
41280
41325
41346
41352
41406
41438
41456
41494
41496
41515
41565
41582
41603
41623
41631
41639
41641
41681
41683
41684
41694
41695
41727
41728
41729
41750
41754
41756
41769
41788
41796
41798
41801
41814
41815
41823
41824
41850
41879
41887
41903
41938
41945
41969
41972
41973
41979
41990
41991
42006
42013
42035
42037
42040
42070
42088
42145
42149
42161
42164
42178
42200
42214
42215
42216
42217
42218
42223
42224
42225
42234
42240
42244
42246
42255
42256
42269
42282
42302
42317
42330
42366
42370
42374
42394
42408
42449
42463
42481
42496
42502
42504
42534
42537
42565
42571
42574
42575
42576
42604
42612
42615
42645
42676
42679
42713
42743
42750
42755
42768
42837
42853
42891
42904
42910
42913
42916
42966
42973
42978
42994
42996
43006
43053
43062
43065
43076
43080
43088
43090
43091
43094
43140
43147
43152
43159
43178
43197
43199
43228
43270
43277
43300
43302
43323
43326
43328
43339
43345
43403
43456
43491
43499
43508
43515
43585
43598
43601
43639
43672
43682
43699
43709
43715
43719
43742
43745
43766
43772
43797
43841
43849
43894
43895
43921
43938
43949
43964
43976
44004
44012
44040
44044
44081
44090
44109
44181
44184
44279
44289
44290
44309
44317
44324
44330
44388
44402
44414
44417
44420
44428
44435
44448
44462
44504
44545
44582
44603
44610
44637
44646
44647
44661
44664
44683
44703
44718
44738
44740
44791
44928
44938
44948
44987
45025
45037
45057
45058
45059
45062
45065
45086
45099
45128
45167
45171
45178
45181
45182
45183
45184
45205
45215
45224
45259
45260
45261
45262
45263
45264
45266
45274
45312
45328
45342
45357
45373
45374
45375
45379
45403
45440
45441
45442
45457
45467
45488
45495
45515
45518
45531
45532
45559
45560
45564
45580
45581
45583
45584
45586
45588
45599
45604
45606
45635
45644
45647
45679
45682
45684
45704
45712
45731
45768
45777
45831
45991
45993
45995
45998
46015
46043
46056
46069
46088
46112
46114
46131
46135
46146
46152
46154
46173
46242
46264
46274
46292
46295
46296
46311
46339
46341
46355
46359
46370
46394
46395
46456
46477
46483
46536
46544
46545
46581
46591
46616
46650
46740
46798
46853
46868
46877
46902
46927
46941
46962
46965
47006
47015
47030
47038
47043
47075
47100
47111
47112
47135
47146
47150
47177
47185
47187
47203
47205
47212
47217
47239
47245
47269
47275
47298
47315
47337
47338
47339
47344
47366
47368
47405
47428
47451
47463
47521
47523
47527
47531
47542
47554
47573
47578
47587
47594
47597
47640
47643
47707
47713
47714
47745
47752
47759
47798
47830
47835
47862
47882
47904
47921
47930
47931
47936
47964
47969
47976
47978
47989
47998
48012
48023
48079
48092
48142
48165
48192
48219
48226
48239
48290
48330
48335
48363
48369
48395
48433
48450
48451
48466
48491
48515
48517
48518
48550
48560
48566
48578
48617
48621
48733
48735
48738
48782
48789
48800
48820
48837
48838
48842
48858
48910
48959
48962
48969
49036
49046
49055
49062
49078
49084
49094
49156
49157
49204
49223
49241
49278
49334
49365
49392
49393
49398
49405
49416
49422
49429
49430
49434
49448
49450
49472
49481
49508
49514
49532
49539
49556
49562
49584
49646
49651
49675
49680
49726
49760
49781
49795
49803
49804
49811
49818
49832
49837
49839
49840
49872
49874
49883
49896
49955
49966
49984
50016
50030
50053
50068
50161
50205
50225
50277
50314
50340
50341
50350
50366
50367
50391
50396
50416
50419
50438
50440
50466
50499
50519
50533
50542
50561
50591
50600
50634
50646
50665
50712
50713
50721
50725
50729
50735
50737
50749
50776
50778
50784
50801
50812
50842
50860
50863
50892
50894
50899
50902
50915
50927
50952
50957
50960
50981
50992
50999
51000
51007
51013
51024
51063
51068
51074
51081
51087
51091
51111
51120
51137
51138
51180
51192
51193
51206
51219
51242
51255
51269
51332
51364
51374
51431
51434
51447
51450
51465
51467
51474
51476
51480
51481
51497
51499
51508
51516
51540
51541
51544
51555
51569
51571
51600
51606
51620
51646
51653
51667
51668
51684
51695
51708
51710
51734
51742
51762
51764
51770
51786
51787
51802
51843
51846
51854
51879
51884
51905
51910
51911
51933
51974
51996
52005
52007
52017
52042
52047
52053
52060
52069
52078
52103
52132
52133
52186
52213
52217
52218
52238
52272
52278
52289
52292
52293
52306
52310
52312
52319
52321
52329
52363
52366
52373
52374
52404
52409
52420
52440
52445
52458
52459
52461
52465
52466
52469
52501
52517
52518
52519
52532
52539
52541
52594
52595
52624
52626
52629
52647
52658
52663
52676
52683
52691
52702
52744
52751
52766
52785
52820
52843
52871
52879
52884
52888
52901
52917
52941
52971
52973
52980
53000
53001
53009
53067
53083
53092
53114
53133
53145
53166
53173
53174
53176
53177
53189
53193
53205
53208
53220
53225
53233
53235
53250
53264
53269
53287
53289
53294
53304
53343
53350
53356
53371
53376
53384
53396
53413
53423
53455
53489
53512
53514
53521
53545
53560
53561
53585
53606
53607
53613
53616
53622
53623
53625
53727
53764
53780
53803
53823
53840
53863
53864
53881
53925
53952
53966
53972
53986
53993
54024
54039
54054
54087
54113
54143
54153
54155
54165
54169
54185
54191
54201
54204
54279
54294
54295
54306
54339
54369
54377
54381
54397
54428
54429
54456
54457
54458
54476
54499
54506
54515
54544
54553
54583
54590
54617
54656
54686
54715
54718
54738
54763
54764
54781
54844
54855
54866
54934
54936
54990
54994
55006
55016
55021
55054
55057
55065
55066
55075
55093
55104
55107
55119
55127
55139
55140
55143
55153
55162
55172
55200
55301
55307
55318
55321
55354
55357
55391
55396
55400
55407
55434
55439
55451
55457
55464
55476
55499
55531
55573
55574
55594
55609
55632
55635
55637
55641
55649
55652
55690
55694
55720
55731
55734
55736
55738
55828
55854
55871
55891
55937
55938
55952
55953
55957
55965
55982
56017
56019
56031
56043
56055
56062
56066
56076
56080
56089
56100
56150
56172
56177
56178
56193
56266
56274
56275
56300
56310
56325
56326
56329
56346
56368
56374
56399
56414
56419
56451
56455
56460
56486
56512
56546
56548
56600
56602
56649
56661
56662
56684
56685
56705
56706
56716
56717
56719
56744
56751
56753
56782
56802
56810
56812
56873
56879
56893
56902
56914
56939
56942
56974
56987
56991
57001
57005
57009
57038
57046
57055
57061
57063
57068
57080
57084
57091
57097
57104
57106
57124
57136
57149
57151
57177
57178
57190
57191
57210
57213
57230
57275
57326
57327
57329
57343
57344
57381
57388
57394
57403
57438
57448
57455
57489
57520
57529
57564
57581
57637
57643
57678
57697
57715
57730
57762
57792
57800
57852
57862
57895
57902
57914
57946
57947
57962
57974
57994
58002
58043
58048
58050
58056
58066
58101
58106
58119
58137
58142
58201
58232
58278
58285
58305
58339
58349
58352
58422
58425
58430
58435
58445
58458
58462
58463
58477
58490
58496
58500
58520
58524
58528
58535
58539
58545
58546
58549
58574
58576
58591
58597
58603
58614
58631
58634
58637
58640
58648
58657
58673
58695
58696
58735
58741
58771
58782
58784
58787
58834
58842
58852
58891
58912
58917
58924
58962
59000
59015
59017
59045
59057
59146
59161
59163
59172
59196
59203
59218
59240
59243
59260
59294
59295
59303
59338
59352
59375
59378
59394
59414
59434
59439
59454
59457
59472
59510
59514
59520
59538
59544
59569
59601
59610
59613
59627
59628
59639
59676
59677
59694
59698
59750
59763
59766
59777
59780
59794
59798
59812
59867
59894
59901
59920
59921
59929
59933
59935
59958
59968
59987
60014
60030
60036
60040
60046
60059
60060
60072
60081
60084
60114
60127
60137
60142
60144
60167
60171
60180
60182
60184
60206
60244
60261
60317
60367
60390
60392
60400
60404
60407
60412
60413
60414
60477
60548
60557
60579
60583
60594
60598
60599
60613
60643
60662
60665
60693
60695
60734
60739
60761
60777
60798
60814
60816
60831
60840
60847
60851
60852
60867
60889
60899
60915
60934
60952
60961
61025
61027
61047
61098
61120
61143
61144
61147
61150
61153
61162
61163
61164
61168
61194
61218
61221
61222
61231
61258
61308
61326
61337
61340
61392
61398
61400
61412
61418
61419
61426
61431
61433
61447
61455
61461
61467
61530
61548
61554
61557
61563
61574
61585
61592
61597
61644
61657
61662
61664
61669
61673
61676
61698
61705
61720
61725
61730
61731
61738
61752
61831
61832
61866
61890
61919
61921
61923
61925
61927
61951
61953
61963
61975
61992
62000
62003
62011
62019
62030
62044
62089
62108
62116
62133
62136
62139
62140
62151
62153
62158
62159
62160
62197
62214
62231
62245
62249
62253
62268
62282
62319
62320
62321
62331
62342
62362
62366
62374
62411
62415
62420
62445
62504
62509
62520
62544
62548
62551
62580
62582
62595
62618
62627
62668
62696
62702
62708
62714
62746
62787
62799
62823
62838
62859
62862
62927
62931
62940
62975
62993
62999
63016
63019
63038
63040
63052
63078
63144
63166
63177
63209
63211
63223
63247
63248
63249
63275
63283
63304
63307
63312
63337
63373
63376
63378
63412
63418
63432
63437
63505
63532
63547
63558
63589
63619
63620
63638
63642
63651
63654
63655
63669
63672
63696
63757
63771
63772
63774
63788
63791
63796
63824
63829
63853
63863
63909
63953
64007
64010
64036
64055
64057
64059
64111
64124
64138
64146
64150
64154
64160
64165
64230
64243
64244
64245
64275
64289
64358
64359
64374
64410
64431
64454
64475
64488
64492
64540
64547
64553
64578
64585
64620
64627
64643
64654
64656
64658
64660
64705
64713
64731
64745
64784
64787
64850
64861
64870
64895
64898
64910
64940
64949
64954
64956
64997
65020
65076
65081
65082
65087
65114
65116
65138
65142
65167
65173
65183
65226
65235
65236
65268
65272
65295
65314
65316
65341
65377
65388
65396
65397
65428
65484
65495
65507
65513
65516
65518
65519
65536
65541
65588
65589
65590
65593
65599
65610
65629
65645
65667
65671
65688
65706
65735
65745
65746
65747
65748
65749
65756
65760
65763
65770
65777
65779
65805
65806
65807
65814
65817
65818
65836
65865
65884
65886
65888
65895
65912
65913
65940
65951
65954
65962
65969
65975
65993
65995
66002
66010
66019
66029
66036
66037
66038
66040
66048
66065
66086
66089
66129
66135
66155
66157
66158
66184
66195
66221
66229
66232
66233
66234
66275
66342
66343
66347
66365
66378
66381
66383
66385
66396
66421
66424
66444
66463
66492
66503
66517
66527
66529
66548
66563
66574
66591
66596
66601
66603
66608
66641
66669
66670
66681
66692
66701
66727
66730
66731
66752
66754
66775
66776
66777
66815
66844
66862
66893
66901
66921
66942
66943
66962
66964
66965
66975
66984
66996
67026
67038
67068
67104
67117
67118
67141
67143
67156
67159
67161
67170
67183
67196
67208
67264
67289
67320
67321
67331
67333
67340
67344
67348
67361
67417
67425
67431
67434
67447
67471
67483
67484
67499
67526
67531
67536
67578
67612
67616
67654
67665
67679
67680
67681
67682
67683
67696
67718
67726
67738
67743
67753
67754
67755
67758
67879
67895
67903
67906
67914
67920
67938
67960
67961
67963
67974
68011
68020
68048
68057
68063
68075
68079
68084
68097
68101
68102
68104
68107
68110
68118
68126
68137
68220
68221
68259
68267
68394
68399
68408
68414
68426
68430
68477
68491
68504
68518
68532
68539
68581
68623
68628
68642
68644
68648
68683
68735
68762
68774
68781
68812
68852
68854
68878
68879
68906
68920
68928
68930
68984
69012
69060
69087
69088
69095
69140
69142
69165
69264
69275
69277
69331
69351
69359
69385
69397
69436
69437
69448
69501
69506
69675
69691
69695
69714
69751
69769
69779
69796
69800
69805
69829
69840
69854
69884
69897
69908
69909
69920
69921
69930
69938
69964
69966
70015
70023
70026
70030
70074
70097
70102
70106
70123
70144
70235
70252
70258
70340
70342
70363
70364
70370
70375
70409
70410
70442
70451
70455
70456
70497
70516
70542
70566
70567
70570
70589
70666
70672
70693
70694
70714
70747
70816
70851
70871
70873
70874
70875
70876
70904
70917
70929
70987
71017
71019
71022
71033
71114
71127
71169
71175
71208
71285
71295
71338
71428
71438
71452
71459
71477
71486
71508
71509
71532
71533
71578
71599
71648
71660
71661
71666
71685
71694
71725
71736
71740
71747
71764
71765
71786
71790
71813
71816
71886
71895
71906
71943
71978
71991
72005
72006
72050
72059
72062
72077
72079
72099
72103
72105
72109
72110
72115
72117
72129
72134
72143
72160
72177
72224
72275
72281
72282
72301
72386
72395
72396
72405
72428
72445
72450
72480
72515
72574
72603
72609
72616
72644
72654
72657
72659
72660
72672
72715
72716
72737
72741
72787
72796
72808
72809
72810
72812
72871
72924
72968
73005
73007
73009
73040
73088
73092
73105
73119
73135
73213
73219
73263
73272
73273
73297
73304
73311
73312
73333
73339
73366
73370
73372
73409
73418
73419
73455
73472
73503
73522
73525
73612
73617
73633
73677
73704
73707
73717
73731
73738
73740
73764
73783
73798
73842
73846
73859
73865
73874
73882
73911
73917
73927
73957
73958
73971
73985
74005
74007
74009
74044
74047
74089
74093
74099
74100
74109
74126
74165
74178
74180
74188
74209
74210
74211
74219
74249
74262
74291
74292
74293
74296
74298
74308
74310
74312
74313
74322
74335
74347
74431
74450
74502
74552
74563
74583
74586
74587
74592
74601
74606
74633
74679
74696
74697
74727
74768
74790
74791
74792
74793
74794
74805
74811
74826
74828
74840
74856
74868
74877
74883
74887
74966
74968
74969
74970
74991
74995
75004
75111
75130
75157
75201
75253
75255
75265
75278
75291
75302
75306
75308
75319
75320
75333
75418
75428
75429
75431
75451
75453
75454
75474
75489
75498
75554
75564
75647
75664
75694
75699
75721
75731
75732
75734
75749
75761
75771
75773
75779
75788
75794
75796
75807
75820
75828
75849
75855
75860
75862
75871
75879
75880
75913
75927
75945
75955
75965
75966
75976
75979
75995
76003
76015
76026
76029
76037
76077
76088
76100
76117
76119
76125
76142
76177
76178
76212
76213
76242
76243
76246
76249
76250
76269
76278
76283
76284
76312
76327
76345
76387
76405
76412
76427
76433
76443
76457
76502
76540
76544
76547
76562
76569
76570
76572
76574
76593
76596
76645
76671
76676
76683
76737
76751
76754
76766
76772
76789
76798
76811
76823
76859
76873
76880
76888
76890
76913
76915
76921
76925
76950
76969
76984
76986
76995
77003
77021
77029
77039
77110
77135
77155
77167
77175
77181
77206
77242
77249
77261
77263
77266
77271
77272
77282
77286
77291
77295
77302
77323
77347
77351
77355
77356
77383
77385
77408
77417
77445
77456
77461
77476
77491
77534
77604
77605
77619
77631
77638
77644
77646
77657
77658
77662
77663
77666
77730
77750
77759
77767
77771
77780
77784
77806
77812
77826
77848
77870
77879
77896
77919
77921
77947
77970
77973
78033
78044
78080
78142
78156
78193
78208
78211
78225
78227
78280
78282
78293
78295
78301
78337
78348
78382
78440
78455
78463
78475
78484
78505
78508
78536
78542
78590
78593
78630
78638
78672
78685
78698
78722
78756
78801
78820
78938
78942
78957
78970
78979
79029
79056
79078
79079
79105
79158
79162
79163
79177
79186
79191
79204
79215
79218
79221
79230
79260
79266
79294
79297
79321
79337
79340
79345
79358
79359
79368
79379
79383
79448
79488
79499
79518
79545
79550
79578
79593
79599
79613
79614
79633
79648
79666
79775
79840
79855
79856
79879
79891
79899
79917
79930
79945
79966
80040
80046
80091
80101
80106
80123
80125
80203
80207
80218
80233
80260
80264
80280
80290
80301
80320
80330
80383
80404
80444
80512
80548
80569
80643
80668
80686
80700
80706
80731
80752
80755
80817
80832
80870
80885
80922
80931
80945
80953
80961
80973
80974
80976
80980
80989
81003
81006
81017
81018
81040
81050
81055
81057
81088
81090
81096
81118
81169
81270
81281
81303
81332
81341
81377
81443
81451
81467
81469
81471
81474
81496
81509
81538
81543
81551
81553
81559
81589
81603
81605
81606
81677
81694
81722
81730
81754
81755
81761
81789
81841
81871
81891
81938
81978
81979
82008
82030
82031
82148
82150
82158
82161
82173
82256
82265
82286
82287
82300
82301
82305
82315
82351
82359
82429
82440
82473
82481
82486
82522
82533
82554
82604
82608
82644
82651
82691
82706
82718
82761
82783
82787
82807
82827
82829
82854
82861
82895
82905
82909
82915
82924
82926
82980
82990
83071
83087
83103
83115
83123
83131
83141
83148
83193
83211
83213
83229
83232
83234
83235
83238
83286
83289
83314
83317
83333
83375
83394
83395
83414
83415
83425
83427
83428
83443
83470
83521
83572
83577
83583
83592
83606
83612
83651
83657
83693
83697
83707
83723
83732
83733
83748
83749
83763
83779
83784
83802
83803
83817
83819
83871
83872
83883
83899
83920
83924
83962
83965
83981
83994
83995
84011
84016
84025
84037
84044
84067
84070
84102
84126
84151
84152
84167
84173
84192
84198
84220
84259
84273
84281
84294
84297
84300
84308
84309
84313
84343
84354
84372
84400
84426
84436
84444
84474
84501
84549
84579
84584
84593
84616
84618
84619
84629
84634
84670
84698
84709
84723
84735
84741
84749
84791
84798
84801
84812
84829
84834
84906
84907
84925
84930
84932
84937
84941
84946
84962
84972
84982
84993
84994
84995
84997
85003
85045
85075
85092
85119
85123
85159
85163
85171
85190
85192
85205
85213
85235
85246
85261
85263
85269
85279
85282
85328
85354
85358
85359
85399
85402
85425
85434
85457
85485
85499
85506
85514
85543
85546
85547
85564
85572
85574
85598
85621
85639
85692
85698
85700
85705
85742
85750
85753
85766
85769
85805
85810
85813
85855
85887
85893
85916
85917
85938
85945
85952
85959
85963
85978
85982
86128
86139
86161
86162
86172
86177
86200
86211
86241
86266
86318
86341
86342
86344
86357
86379
86396
86453
86455
86465
86467
86470
86482
86525
86539
86540
86542
86558
86563
86596
86606
86608
86610
86644
86645
86655
86670
86711
86720
86783
86800
86815
86826
86854
86856
86868
86890
86896
86936
86946
86950
86966
87014
87016
87052
87141
87161
87191
87242
87284
87288
87328
87352
87378
87394
87443
87464
87484
87520
87572
87582
87610
87620
87652
87679
