9009
8998
2950
2133
8284
8531
8113
8429
9029
9028
9081
9070
9062
9037
9036
8605
8555
8602
8599
8587
8576
8563
8532
8557
8552
8551
8710
8650
8644
8632
8736
8828
6780
6460
8789
8770
8977
8759
8821
6482
8817
8958
8949
8944
8917
8913
8874
8865
8864
8856
8851
9182
8115
8083
8072
8024
8415
8183
8180
8175
9149
9125
8373
8353
8351
8347
8323
9252
9246
9253
9315
9307
9306
9290
9289
9267
9285
9278
9272
9257
9432
9425
9415
9396
9393
9377
9374
9360
14534
9356
9593
9585
9577
9548
9535
9519
9510
9486
9483
9671
9667
9648
9647
9638
9767
9752
9751
9732
9730
9728
9713
9719
9694
9665
9690
9677
9674
9791
9788
9921
12642
9781
9912
9777
9909
9906
9896
9890
9878
9873
9849
12762
9837
9817
9816
9815
9812
9794
9922
10027
10006
9989
9986
9970
9969
9965
9964
10025
10019
10012
10010
10009
10145
10138
10127
10115
10110
10109
10082
10184
10076
10183
10192
10180
10174
10173
10172
10171
10164
10154
10148
10285
10284
10279
10278
10295
10264
10243
10242
10378
10367
10340
10328
10326
10291
10470
10446
10430
10411
10402
10392
12761
10390
10389
10388
10562
10550
10547
10535
10533
10519
10669
10668
10648
10638
10633
10615
10583
10571
10565
10786
10777
10757
10752
10750
10749
10742
10719
10711
10687
10679
10823
10960
10939
10935
10931
10919
10887
10863
10862
10846
10839
10836
10835
11075
11115
11098
11091
11082
10993
11078
11247
11221
11216
11197
11182
11172
11153
11141
11137
11133
11424
11401
11394
11375
11368
11354
11288
11563
11510
11484
11469
11576
11575
11568
11720
11688
11677
11660
11587
11899
11877
11853
11784
12028
12025
11950
11915
14918
13095
12157
12125
12122
12113
12087
12295
12277
12263
12247
12233
12222
12199
12186
12184
12176
12311
12299
12367
12409
12394
12362
12336
12327
12504
12443
12585
12548
12512
12668
12667
12653
12596
12648
12626
12730
12875
12861
12860
13912
14103
12834
12824
12818
12785
12778
12771
12747
12934
12952
12909
13142
13111
13103
13097
13066
13058
13053
13052
13051
13047
13032
13011
13263
13664
13251
13245
13188
13411
13407
13370
13316
13548
13533
13498
13545
13460
13441
13425
13571
14869
13714
13649
13621
13618
13607
13832
13813
13800
13799
13779
13772
13740
14004
13961
13952
13935
13932
13921
13884
14140
14117
14280
14254
14229
14196
14193
14315
14641
14447
14339
14604
14509
14480
14639
14765
14753
14716
14699
14681
14967
14945
14942
14941
14782
14982
15019
15098
15115
15149
15142
15259
15286
15302
15541
15661
15691
15763
15770
15816
15851
16044
16045
16137
16208
16265
16598
16660
16668
16675
16676
16702
16786
16818
16832
16839
16889
17124
17167
17351
17535
17593
17594
17693
17723
17742
17843
17865
17870
18273
18275
18298
18411
18586
18625
18755
18757
18907
19024
19153
19613
19630
19716
19796
19825
19826
19882
19889
19897
19937
2974
20208
20308
20529
20583
20585
20631
20660
20799
20836
20858
20903
20950
20985
21032
21172
21430
21482
21620
21961
22105
22160
22178
22353
22421
22474
22566
22568
22610
22616
22687
22847
22921
23046
23047
23283
23553
23554
23572
23706
23819
23867
23921
23934
24009
24019
24105
24113
24122
24125
24132
24134
24282
24373
24666
24671
25002
25120
25137
25170
25408
25515
26495
26560
26813
27001
27043
27097
27367
27441
27457
27507
27509
27722
27819
27850
27922
27938
27967
27990
28213
28569
29605
29612
29643
29647
29843
29848
29853
29874
29913
30428
30463
30471
30475
30559
30876
30924
31096
31934
32348
32364
32477
32525
32705
32814
32819
32870
32915
32952
33019
33029
33079
33142
33177
33198
33230
33471
33541
33593
33803
34036
34043
34101
34275
34418
34427
34676
34844
34845
35674
36102
36404
36476
36849
36953
36995
37121
37271
37301
37332
37984
38050
38078
38119
38341
38374
38463
38464
38548
38647
38814
38839
38854
38888
38946
39218
39228
39241
39279
39321
39457
39492
39679
39724
39770
39802
39808
39823
39847
39852
39870
39894
39997
40005
40025
40037
40142
40250
40291
40294
40317
40434
40455
40562
40660
40670
40671
40674
40678
40712
40786
40791
40818
40875
40979
40998
40999
41036
41076
41101
41132
41139
41182
41195
41225
41240
41363
41398
41478
41501
41516
41518
41565
41622
41661
41683
41701
41794
41830
41836
41876
41897
41933
41951
41953
41954
41957
41959
42010
42037
42234
42255
42256
42326
42370
42381
42397
42432
42458
42501
42680
42687
42733
42754
42792
42800
42801
42900
42902
42904
42935
42954
42989
43092
43093
43106
43118
43128
43154
43157
43160
43186
43228
43265
43266
43288
43305
43330
43386
43397
43467
43599
43621
43632
43642
43672
43735
43743
43758
43765
43779
43840
43872
43904
43949
43959
43997
44004
44023
44054
44057
44223
44413
44459
44634
44650
44662
44664
44683
44698
44736
44788
44804
44920
44965
45059
45101
45117
45153
45169
45191
45429
45439
45503
45596
45599
45611
45679
45730
45757
45853
45886
45898
45937
45946
45948
45955
45969
45979
45990
46037
46048
46118
46138
46218
46219
46289
46302
46311
46336
46337
46351
46385
46390
46406
46408
46457
46512
46539
46580
46635
46650
46713
46779
46788
46818
46833
46856
46940
46991
47046
47108
47112
47116
47216
47237
47257
47315
47352
47363
47373
47397
47423
47495
47506
47516
47526
47533
47550
47555
47560
47606
47610
325
47775
47795
47903
47904
47990
47997
48019
48022
48032
48119
48155
48189
48197
48203
48211
48218
48275
48291
48348
48380
48512
48531
48559
48631
48679
48723
48740
48776
48807
48925
48949
49070
49084
49088
49103
49106
49122
49183
49229
49353
49437
49450
49454
49514
49523
49544
49629
49683
49768
49822
49823
49900
49939
49951
49954
49970
50118
50162
50188
50246
50274
50284
50341
50398
50407
50538
50649
50750
50781
50787
50817
50912
50986
51019
51042
51094
51191
51250
51265
51373
51434
51472
51530
51661
51695
51713
51753
51777
51855
51902
51933
52056
52098
52120
52131
52268
52332
52354
52429
52538
52575
52636
52689
52720
52738
52744
52748
52794
52843
52871
52873
52921
53009
53012
53067
53122
53132
53279
53308
53439
53479
53503
53607
53622
53915
53919
54092
54311
54312
54341
54402
54578
54583
54609
54626
54636
54646
54657
54710
54715
54816
54822
54842
54863
54892
54905
54916
54989
55014
55082
55097
55154
55189
55262
55469
55567
55621
55690
55852
55979
56125
56177
56263
56361
56369
56394
56524
56797
56832
56836
56848
56930
57263
57280
57332
57372
57462
57475
57561
57608
57611
57629
57641
57679
57688
57753
57770
57859
57883
57914
57939
58048
58101
58137
58213
58370
58384
58425
58591
58721
59032
59156
59171
59305
59315
59683
59686
59709
59743
59837
60001
60053
60167
60218
60268
60303
60383
60472
60480
60548
60735
60851
60868
61002
61010
61047
61051
61111
61131
61182
61218
61236
61257
61278
61281
61309
61351
61356
61398
61406
61520
61616
61661
61669
61725
61829
61868
61911
62004
62033
62040
62193
62311
62324
62412
62417
62517
62580
62624
62699
62707
62723
62782
62886
62925
62979
62988
63000
63009
63062
63089
63211
63214
63289
63320
63340
63350
63410
63413
63517
63531
63549
63566
63665
63708
63732
63740
63828
63903
64022
64060
64068
64086
64133
64257
64297
64325
64472
64574
64591
64595
64784
64955
65012
65015
65026
65076
65084
65202
65400
65645
65654
65660
65770
65838
65842
65853
65862
65925
65962
65980
66040
66184
66384
66393
66596
66729
66740
66887
66925
67022
67413
67440
67502
67557
67599
67942
67988
68066
68078
68467
68555
68571
68603
68623
68643
68712
68754
68755
68844
68872
68944
69035
69198
69199
69368
69383
69396
69409
69458
69614
69702
69875
69914
69969
70032
70365
70367
70384
70553
70633
70710
70790
70916
71012
71084
71340
71392
71424
71691
71765
71843
71894
71902
71991
71992
72123
72166
72225
72244
72319
72331
72338
72437
72461
72468
72470
72498
72632
72741
72797
72890
73076
73145
73193
73194
73221
73303
73423
73426
73427
73432
73476
73485
73636
73679
73686
73701
73748
73787
73809
73968
74001
74033
74157
74338
74397
74404
74406
74425
74520
74525
74679
74697
74722
74776
74786
74795
74829
74918
74935
74961
74968
74991
75117
75124
75182
75186
75201
75272
75278
75334
75420
75451
75469
75481
75554
75574
75616
75732
75779
75782
75857
75862
75869
75905
75906
75907
75913
75933
75959
75960
75961
75966
75974
75980
75995
76026
76028
76180
76217
76261
76270
76301
76310
76326
76348
76414
76501
76564
76639
76759
76822
76837
76904
76963
76976
77014
77031
77084
77124
77207
77241
77317
77330
77351
77385
77445
77448
77449
77459
77491
77611
77619
77657
77700
77718
77771
77795
77912
77955
78071
78076
78077
78082
78265
78271
78319
78338
78377
78391
78399
78446
78499
78577
78587
78629
78659
78774
78789
78806
78824
78893
78918
78936
78942
78978
79012
79107
79125
79227
79235
79246
79343
79380
79395
79420
79499
79547
79607
79670
79677
79688
79841
79899
79930
80068
80076
80171
80194
80207
80254
80339
80353
80429
80483
80490
80501
80597
80637
80669
80685
80706
80714
80718
80745
80763
80789
80794
80825
80871
80873
80982
81016
81029
81150
81154
81167
81199
81265
81275
81297
81384
81403
81456
81579
81628
81689
81698
81729
81828
81928
81935
81944
81973
82005
82006
82142
82150
82290
82304
82347
82392
82505
82514
82528
82547
82588
82677
82786
82808
82993
83162
83253
83388
83451
83498
83563
83569
83739
83740
83767
83868
83879
83931
83943
83946
83959
84054
84141
84173
84204
84220
84242
84346
84433
84638
84721
84750
84764
84766
84781
84810
84820
84852
84896
84908
84929
84936
84975
85009
85065
85077
85097
85110
85166
85244
85271
85359
85379
85406
85413
85440
85558
85632
85653
85683
85717
85779
85780
85812
85904
85907
86060
86138
86177
86295
86302
86312
86349
86353
86397
86401
86437
86456
86556
86614
86664
86710
86742
86753
86797
86831
86926
86929
86981
87025
87031
87041
87071
87102
87168
87200
87205
87238
87272
87293
87347
87354
87381
87383
87427
87431
87446
87542
87563
87581
87629
87657
